0.139
-0.365272
0.0652697
0.532532
-0.42923
-0.142006
0.231095
-0.179016
0.143746
0.381218
0.330879
0.138115
-0.0744932
0.351311
0.0880739
-0.148521
0.147591
-0.183159
0.286171
0.244713
-0.164505
0.392769
-0.138748
0.116799
-0.0561293
-0.0205992
0.155586
-0.181091
0.114128
0.112946
0.133675
0.123017
-0.0356977
0.0620195
0.0812609
0.0149309
0.30394
-0.0502088
0.204445
-0.158882
-0.341583
0.0303347
-0.270813
0.252709
-0.431305
0.104065
0.47805
0.191414
0.0839312
0.211846
-0.547081
0.112061
0.186089
0.159729
-0.157699
-0.0126036
-0.300125
-0.182274
0.114426
0.00693532
0.170685
-0.112686
-0.342766
0.0750429
0.061722
-0.538498
-0.00164775
0.0898516
-0.0999525
0.0694201
-0.0217817
0.129532
-0.386886
-0.0084608
0.227242
0.34243
-0.0490263
0.0815584
-0.307823
0.266037
-0.13253
-0.0285948
-0.199447
0.0857012
0.16536
-0.23291
-0.10173
0.181938
0.185791
-0.317009
0.166245
-0.0738981
0.260407
0.130715
-0.12838
-0.425972
0.208588
0.292984
0.375008
0.178383
0.404022
-0.213959
-0.0727156
-0.229355
-0.164505
0.329994
-0.00105266
0.13871
0.0629046
-0.206558
0.198815
0.251229
-0.102623
0.016411
0.0338823
0.368492
0.192009
-0.331215
-0.130157
0.272553
-0.0285948
-0.141708
0.238793
-0.275551
0.0803759
-0.0650175
0.223099
0.256561
-0.0984724
0.230797
-0.0167463
-0.379486
0.0640871
0.23198
0.316078
0.202965
0.221024
-0.240013
-0.024452
-0.250084
0.0232241
-0.00727061
-0.215439
-0.236168
0.100212
-0.117134
-0.0961073
0.506478
0.324959
0.162399
0.307198
-0.659607
0.16388
-0.128677
-0.451736
0.062607
-0.16066
0.254486
0.175423
0.274033
-0.452919
-0.522804
-0.157699
0.0602419
-0.460617
-0.339805
-0.104698
-0.291244
-0.219291
-0.230247
-0.163025
0.465019
0.110581
0.0907366
0.632622
0.1316
0.501442
-0.423012
0.0196764
0.138413
0.157952
0.0865938
0.0552065
-0.0676802
-0.0958097
-0.0214842
-0.0718229
-0.223434
-0.486084
0.570732
0.016411
-0.234985
-0.275253
0.203263
0.0492861
0.162987
0.213623
0.0780031
0.0703051
0.049576
-0.0848539
-0.0759733
-0.0582045
-0.0321501
0.33947
0.20089
-0.126312
-0.373855
0.398102
-0.105583
-0.0898893
-0.198562
-0.175171
0.238793
0.344208
-0.0469511
0.277291
0.111466
-0.123352
0.215698
0.354866
0.170983
-0.252159
0.0318148
0.558891
-0.0436933
-0.262222
-0.143486
-0.148811
-0.229355
-0.178428
-0.126015
0.308678
-0.203003
0.0768206
0.041588
-0.27288
0.201187
-0.124237
-0.0277021
-0.0439909
-0.364975
0.211258
-0.148521
0.102883
0.0913317
0.165947
0.20977
0.198227
0.149071
0.326737
-0.0546492
-0.144668
0.175423
0.0448381
-0.235275
0.223396
0.0081255
0.236717
0.110581
-0.256897
0.217476
0.361679
-0.157699
0.226952
0.107613
-0.0499113
0.160622
-0.527534
-0.151481
0.301865
-0.173096
-0.0741957
0.280541
0.569847
-0.303978
-0.493484
0.048691
0.145516
0.37767
0.144631
0.0797808
-0.0339277
-0.269333
0.0709002
-0.0703428
-0.00105266
-0.216919
-0.221657
-0.118904
-0.187309
-0.122459
-0.0416258
0.0934069
-0.0348127
0.245308
0.500557
0.274033
0.00545522
0.020859
0.188454
-0.0336302
-0.176651
-0.0167463
-0.0700453
0.0036852
0.130417
0.290314
0.137818
-0.624962
0.150253
-0.024452
0.0401079
0.123314
0.105545
0.0584642
0.156769
0.287056
0.161209
0.149666
0.00279256
0.0229265
0.048691
0.292984
-0.231132
0.335625
-0.260155
0.0546114
0.147591
0.0036852
0.258339
0.0430681
0.128342
0.327332
-0.297462
-0.422714
-0.261635
-0.116539
0.0318148
0.142853
-0.121864
-0.127495
-0.245941
-0.0978849
0.405503
0.0273668
-0.364677
0.1316
0.021744
-0.312858
0.00575276
0.396622
-0.375931
0.0954744
-0.145263
0.161209
0.378556
0.389511
-0.100548
0.00161
0.484268
0.0729754
0.205925
-0.024452
0.00901051
-0.0946272
-0.0460661
-0.178718
0.0128634
-0.30072
-0.27288
-0.0288923
-0.0478437
-0.428642
0.599159
0.275215
-0.0910719
-0.0365904
-0.1269
0.168617
-0.0736006
-0.114761
-0.0055006
0.355164
0.232277
0.119461
0.198227
0.291504
-0.173691
0.0697176
0.0359575
0.106133
-0.196487
0.227539
-0.038368
-0.181091
0.1316
-0.330925
-0.246239
-0.0644224
-0.226394
0.104363
0.0066454
0.448738
0.388626
-0.0573194
-0.317009
-0.362312
0.163284
-0.0105284
-0.118614
-0.140526
0.0158236
-0.244163
-0.12986
-0.0288923
-0.586166
-0.210106
0.490784
-0.139633
-0.0635374
0.316963
-0.317596
-0.0475462
-0.363197
-0.27436
-0.12986
0.0990297
-0.12809
-0.134605
-0.0214842
-0.298347
0.426529
-0.0140837
-0.224914
0.269882
0.27581
-0.0721205
0.0661623
0.199707
0.43985
0.292984
-0.318191
0.204148
-0.244461
0.219841
0.218064
0.107025
-0.0881117
0.527794
0.151741
0.424156
0.894974
0.774452
0.896752
0.395142
0.654534
0.716416
0.614556
0.489891
1.23787
1.89849
2.30149
2.07438
1.844
1.41406
1.18012
1.36372
1.65568
2.05069
1.95445
1.17983
0.554444
0.539345
0.457321
0.213326
0.241165
0.4058
0.541123
0.488121
0.654823
0.457916
0.302162
0.406685
0.337395
0.984398
0.626106
0.203263
0.50618
0.574578
0.457024
0.589386
0.402245
0.455544
0.717606
0.951828
1.4635
1.09692
2.07912
2.13448
2.00835
2.92095
2.53867
3.83949
3.7095
2.63935
2.99498
4.70324
7.58024
11.9073
11.0583
18.7457
17.8526
13.4817
11.6751
11.931
12.294
10.5079
7.24623
5.46572
4.00827
3.82912
3.74355
4.25552
4.76542
4.08289
3.97807
1.85082
1.81439
2.20141
1.84963
1.50348
1.48009
0.725891
0.458214
-0.309013
0.260407
0.279953
-0.16214
-0.0386579
0.445183
-0.17102
0.0498735
-0.145851
0.512993
0.251824
-0.240013
0.0353624
0.154701
0.674072
-0.478088
-0.408798
-0.173981
-0.141708
-0.281769
-0.0333326
0.0623095
-0.194122
-0.298057
-0.0972898
0.229912
0.150253
0.0658648
0.0889589
0.0051653
-0.0105284
0.0531313
0.285874
-0.207145
0.276398
0.13871
0.146996
0.451401
0.180756
0.135452
-0.187904
0.160324
0.256859
0.23198
0.16388
0.24057
0.329399
-0.508293
0.096657
0.207405
-0.065605
0.207405
0.0634997
-0.341881
0.225174
0.348351
0.16684
0.215103
0.656014
-0.0753782
0.00723286
-0.0155638
0.513878
-0.323517
0.0392153
0.41024
-0.154144
-0.0564268
0.0874788
-0.0294798
0.104363
0.088669
0.0344774
0.0711977
0.37323
0.418236
0.430672
0.0703051
-0.0416258
0.0448381
-0.152069
-0.0182264
0.219544
0.126862
0.46769
-0.0972898
0.870987
0.146408
0.0258867
-0.0528715
0.278771
-0.301605
0.555924
0.20356
0.0220415
0.30986
-0.0232618
-0.429825
0.171875
0.0590517
0.168022
0.0928118
0.109101
0.151741
0.263962
-0.473053
0.0335924
0.144631
-0.0466536
-0.0730131
-0.0620573
0.0729754
0.224877
0.0578692
0.289429
0.113541
-0.131637
-0.288582
-0.155327
0.0954744
-0.0611647
0.405205
0.445778
0.286171
0.390404
-0.017639
-0.0419157
0.0247042
0.0137484
0.326439
0.294762
0.0682375
-0.105583
-0.150001
0.16684
0.303642
-0.288284
-0.137855
0.0806734
0.115608
0.0939943
-0.0055006
-0.0878141
0.112946
0.00842305
-0.227577
-0.00283031
-0.292427
-0.452621
-0.0505064
-0.0851515
-0.0469511
-0.244461
-0.104103
-0.33181
-0.251861
-0.0362928
0.493447
0.270775
0.429489
-0.0170439
0.076523
0.0321123
0.129532
0.249153
0.0842211
-0.119797
0.252121
0.352501
0.108505
-0.184051
0.220734
-0.0889967
-0.217811
-0.138153
0.0901491
-0.122757
0.133377
-0.0469511
0.304825
0.242348
-0.443443
-0.0137861
-0.431007
0.0738604
0.0250017
-0.0120085
0.353684
0.519798
0.117684
-0.000167649
0.146996
0.141373
-0.0910719
0.199112
-0.00402049
-0.452034
-0.163917
-0.208038
-0.322929
0.0649798
0.311043
0.157364
0.10199
-0.0798185
0.149071
0.00338765
-0.160957
-0.27111
0.177796
-0.431007
0.253601
0.279953
-0.0463636
-0.291542
0.123314
-0.107658
-0.282654
0.178383
-0.0285948
-0.203888
-0.154144
0.140778
-0.112098
-0.0528715
-0.0807112
-0.12513
-0.131637
-0.219581
0.189049
0.186974
-0.0173414
-0.155624
-0.187904
-0.12513
0.670227
0.0877764
0.145813
-0.176353
0.149666
-0.242386
-0.279106
-0.0502088
-0.247719
0.289429
-0.590317
0.0480959
0.158547
0.463837
0.273438
0.377373
-0.215736
0.0380327
-0.366455
0.294167
0.274918
-0.168358
-0.150886
-0.219879
-0.303978
0.00101491
-0.172203
0.0122683
-0.212776
0.266335
-0.0771559
-0.180198
0.390991
-0.382149
0.0306322
-0.0321501
0.125977
0.0134508
0.0744555
-0.12957
-0.0978849
-0.1269
0.417351
0.324959
-0.0952223
-0.317009
0.0386202
0.253899
-0.264595
0.269882
0.055504
-0.00164775
-0.305458
0.00575276
0.0904467
0.258339
0.0788958
0.377075
-0.30072
-0.218101
-0.248901
-0.240906
0.226654
0.13575
0.068825
0.294464
0.0403978
0.0904467
-0.183456
-0.180496
0.157067
0.0460283
0.413796
-0.494377
-0.470093
-0.040138
0.585541
-0.105285
0.384186
0.238793
-0.0715254
-0.393402
-0.147629
-0.227577
0.305718
-0.107361
0.0703051
0.0824511
0.182533
0.420311
0.600937
-0.0265196
-0.197967
0.188156
-0.0481337
0.0931093
-0.234985
-0.291244
-0.202705
0.151146
0.593826
-0.165397
-0.248009
0.26426
0.129822
-0.290062
0.258339
-0.323219
0.279061
0.0170061
0.410538
0.0223391
-0.0436933
-0.301018
0.229912
0.277878
0.0934069
-0.0771559
0.508255
-0.0741957
0.136635
0.157952
0.135452
0.446366
0.13012
-0.018524
0.27462
-0.0182264
0.214516
0.0726778
0.354576
-0.120979
0.153221
0.189636
0.293869
0.0507662
0.234947
-0.213959
0.0620195
0.10051
-0.0999525
0.287354
0.173355
0.0380327
0.337105
-0.546196
0.141968
-0.285026
0.27285
0.0303347
0.337692
-0.0608671
0.00634785
-0.0330351
-0.158882
0.122719
-0.0241545
0.17572
0.273735
0.0954744
0.0510637
-0.277328
0.0303347
0.117684
-0.261337
0.335327
0.162399
-0.19619
-0.408211
-0.0839689
-0.0904768
0.122124
0.47805
-0.156517
0.435707
0.417641
0.20089
-0.27436
0.0877764
-0.0274122
0.457619
0.27462
0.413498
-0.111801
0.00397511
0.187569
-0.128677
0.162399
0.104065
0.0489885
0.421196
0.341545
0.155586
-0.655159
0.286766
0.048691
0.0332949
-0.0872267
-0.151481
0.162697
-0.314338
0.118569
-0.269035
-0.0294798
-0.142296
0.112648
-0.117134
0.154106
-0.559219
0.0531313
0.188751
-0.0436933
-0.258674
0.146111
-0.179313
0.500847
-0.143486
-0.144371
-0.0662001
0.115608
0.525131
-0.294205
-0.143783
-0.323517
-0.211883
0.415871
0.308968
-0.248604
-0.0167463
-0.36734
0.327332
0.0483934
-0.109428
-0.402878
0.178978
-0.503853
-0.250381
0.115906
-0.0013502
-0.031555
0.156769
0.115318
0.479531
0.0596468
0.082741
0.101105
0.421791
-0.118316
0.155586
0.682068
-0.0827787
0.0694201
-0.0365904
-0.530502
